15 10
PAL 1=ff6a6a
ddddddddddddddd	fffffffffffffff	32 32 32 32 32 32 32 32 32 32 32 32 32 32 32
d0000000000000d	feeeeeeeeeeeeef	32 32 32 80 79 83 32 72 79 76 68 32 32 32 32
d0000000000000d	feeeeeeeeeeeeef	32 32 32 32 32 32 32 32 32 32 32 32 32 32 32
d0000000000000d	f7777777777777f	32 32 32 67 76 82 32 68 65 77 80 32 32 32 32
d0000000000000d	f7777777777777f	32 32 32 32 32 32 32 32 32 32 32 32 32 32 32
ddddddddddddddd	fffffffffffffff	32 32 32 32 32 32 32 32 32 32 32 32 32 32 32
d8888888888888d	f7777777777777f	32 65 76 84 32 87 65 89 80 32 82 84 66 32 32
ddddddddddddddd	fffffffffffffff	32 32 32 32 32 32 32 32 32 32 32 32 32 32 32
ddddddddddddddd	fffffffffffffff	32 32 32 32 32 32 32 32 32 32 32 32 32 32 32
ddddddddddddddd	fffffffffffffff	32 32 32 32 32 32 32 32 32 32 32 32 32 32 32
