36 10
PAL 1=ff6a6a
dddddddddddddddddddddddddddddddddddd	ffffffffffffffffffffffffffffffffffff	32 32 32 32 32 32 32 32 32 32 32 32 32 32 32 32 32 32 32 32 32 32 32 32 32 32 32 32 32 32 32 32 32 32 32 32
dddddddddddddddddddddddddddddddddddd	ffffffffffffffffffffffffffffffffffff	32 68 84 67 32 32 32 32 32 32 32 32 32 32 32 32 32 32 32 32 32 32 32 32 32 32 32 32 32 32 32 32 32 32 32 32
dddddddddddddddddddddddddddddddddddd	ffffffffffffffffffffffffffffffffffff	32 110 111 32 100 105 115 107 32 32 32 32 32 32 32 32 32 32 32 32 32 32 32 32 32 32 32 32 32 32 32 32 32 32 32 32
dddddddddddddddddddddddddddddddddddd	f8888888888888888888888888888888888f	32 32 32 32 32 32 69 88 80 79 82 84 32 32 32 32 32 32 32 32 32 32 32 73 77 80 79 82 84 32 32 32 32 32 32 32
dddddddddddddddddddddddddddddddddddd	f8888888888888888888888888888888888f	32 32 32 32 32 32 32 32 32 32 32 32 32 32 82 69 70 82 69 83 72 32 32 32 32 32 32 32 32 32 32 32 32 32 32 32
dddddddddddddddddddddddddddddddddddd	f8888888888888888888888888888888888f	32 32 32 32 32 32 32 32 32 32 32 32 32 73 77 80 79 82 84 32 65 76 76 32 32 32 32 32 32 32 32 32 32 32 32 32
dddddddddddddddddddddddddddddddddddd	f8888888888888888888888888888888888f	32 32 32 32 32 32 32 32 32 32 32 32 32 32 32 32 83 67 65 78 32 32 32 32 32 32 32 32 32 32 32 32 32 32 32 32
dddddddddddddddddddddddddddddddddddd	f8888888888888888888888888888888888f	32 32 32 32 32 32 32 32 32 32 32 32 32 32 32 32 32 27 32 32 32 32 32 32 32 32 32 32 32 32 32 32 32 32 32 32
dddddddddddddddddddddddddddddddddddd	ffffffffffffffffffffffffffffffffffff	32 32 32 32 32 32 32 32 32 32 32 32 32 32 32 32 32 32 32 32 32 32 32 32 32 32 32 32 32 32 32 32 32 32 32 32
dddddddddddddddddddddddddddddddddddd	ffffffffffffffffffffffffffffffffffff	32 32 32 32 32 32 32 32 32 32 32 32 32 32 32 32 32 32 32 32 32 32 32 32 32 32 32 32 32 32 32 32 32 32 32 32
