36 10
PAL c=ff6a6a
dddddddddddddddddddddddddddddddddddd	ffffffffffffffffffffffffffffffffffff	32 32 32 32 32 32 32 32 32 32 32 32 32 32 32 32 32 32 32 32 32 32 32 32 32 32 32 32 32 32 32 32 32 32 32 32
dddddddddddddddddddddddddddddddddddd	fffffffffff7777777777777ffffffffffff	32 32 32 32 32 32 32 32 32 32 32 32 70 67 83 32 84 85 78 73 78 71 32 32 32 32 32 32 32 32 32 32 32 32 32 32
dddddddddddddddddddddddddddddddddddd	fffffffffff7777777777777ffffffffffff	32 32 32 32 32 32 32 32 32 32 32 32 32 77 68 66 45 67 79 78 70 32 32 32 32 32 32 32 32 32 32 32 32 32 32 32
dddddddddddddddddddddddddddddddddddd	fffffffffff7777777777777ffffffffffff	32 32 32 32 32 32 32 32 32 32 32 32 32 32 85 73 32 67 65 76 32 32 32 32 32 32 32 32 32 32 32 32 32 32 32 32
dddddddddddddddddddddddddddddddddddd	fffffffffff7777777777777ffffffffffff	32 32 32 32 32 32 32 32 32 32 32 32 32 83 69 78 83 32 67 65 76 32 32 32 32 32 32 32 32 32 32 32 32 32 32 32
dddddddddddddddddddddddddddddddddddd	fffffffffff7777777777777ffffffffffff	32 32 32 32 32 32 32 32 32 32 32 32 83 69 78 83 32 83 79 85 82 67 69 32 32 32 32 32 32 32 32 32 32 32 32 32
dddddddddddddddddddddddddddddddddddd	fffffffffff7777777777777ffffffffffff	32 32 32 32 32 32 32 32 32 32 32 32 32 80 70 68 32 82 65 84 69 32 32 32 32 32 32 32 32 32 32 32 32 32 32 32
dddddddddddddddddddddddddddddddddddd	fffffffffff7777777777777ffffffffffff	32 32 32 32 32 32 32 32 32 32 32 32 32 32 32 32 68 84 67 32 32 32 32 32 32 32 32 32 32 32 32 32 32 32 32 32
dddddddddddddddddddddddddddddddddddd	fffffffffff7777777777777ffffffffffff	32 32 32 32 32 32 32 32 32 32 32 32 32 70 67 83 32 83 89 78 67 32 32 32 32 32 32 32 32 32 32 32 32 32 32 32
dddddddddddddddddddddddddddddddddddd	fffffffffff7777777777777ffffffffffff	32 32 32 32 32 32 32 32 32 32 32 32 32 32 60 32 66 65 67 75 32 32 32 32 32 32 32 32 32 32 32 32 32 32 32 32
