36 10
PAL 1=ff6a6a
dddddddddddddddddddddddddddddddddddd	ffffffffffffffffffffffffffffffffffff	32 32 32 32 32 32 32 32 32 32 32 32 32 32 32 32 32 32 32 32 32 32 32 32 32 32 32 32 32 32 32 32 32 32 32 32
dddddddddddddddddddddddddddddddddddd	ffffffffffffffffffffffffffffffffffff	32 83 69 78 83 32 83 79 85 82 67 69 32 32 32 32 32 32 32 32 32 32 32 32 32 32 32 32 32 32 32 32 32 32 32 32
dddddddddddddddddddddddddddddddddddd	f8888888888888888888888888888888888f	32 32 32 32 32 32 32 32 32 32 32 32 32 32 32 32 70 67 83 32 32 32 32 32 32 32 32 32 32 32 32 32 32 32 32 32
dddddddddddddddddddddddddddddddddddd	f8888888888888888888888888888888888f	32 32 32 32 32 32 32 32 32 32 32 32 32 32 32 32 83 69 76 70 32 32 32 32 32 32 32 32 32 32 32 32 32 32 32 32
dddddddddddddddddddddddddddddddddddd	f8888888888888888888888888888888888f	32 32 32 32 32 32 32 32 32 32 32 32 32 32 32 32 79 70 70 32 32 32 32 32 32 32 32 32 32 32 32 32 32 32 32 32
dddddddddddddddddddddddddddddddddddd	f8888888888888888888888888888888888f	32 32 32 32 32 32 32 32 32 32 32 32 32 67 65 76 32 40 83 69 76 70 41 32 32 32 32 32 32 32 32 32 32 32 32 32
dddddddddddddddddddddddddddddddddddd	f8888888888888888888888888888888888f	32 32 32 32 32 32 32 32 32 32 32 32 32 32 32 32 32 60 32 32 32 32 32 32 32 32 32 32 32 32 32 32 32 32 32 32
dddddddddddddddddddddddddddddddddddd	ffffffffffffffffffffffffffffffffffff	32 32 32 32 32 32 32 32 32 32 32 32 32 32 32 32 32 32 32 32 32 32 32 32 32 32 32 32 32 32 32 32 32 32 32 32
dddddddddddddddddddddddddddddddddddd	ffffffffffffffffffffffffffffffffffff	32 32 32 32 32 32 32 32 32 32 32 32 32 32 32 32 32 32 32 32 32 32 32 32 32 32 32 32 32 32 32 32 32 32 32 32
dddddddddddddddddddddddddddddddddddd	ffffffffffffffffffffffffffffffffffff	32 32 32 32 32 32 32 32 32 32 32 32 32 32 32 32 32 32 32 32 32 32 32 32 32 32 32 32 32 32 32 32 32 32 32 32
