36 10
PAL 1=ff6a6a
dddddddddddddddddddddddddddddddddddd	ffffffffffffffffffffffffffffffffffff	32 32 32 32 32 32 32 32 32 32 32 32 32 32 32 32 32 32 32 32 32 32 32 32 32 32 32 32 32 32 32 32 32 32 32 32
dddddddddddddddddddddddddddddddddddd	ffffffffffffffffffffffffffffffffffff	32 85 73 32 67 65 76 32 32 32 32 32 32 32 32 32 32 32 32 32 32 32 32 32 32 32 32 32 32 32 32 32 32 32 32 32
dddddddddddddddddddddddddddddddddddd	fffffffffffffffffffff88888888888888f	32 70 79 78 84 32 67 79 76 79 82 32 32 32 32 32 32 32 32 32 32 32 32 32 32 71 82 69 69 78 32 32 32 32 32 32
dddddddddddddddddddddddddddddddddddd	fffffffffffffffffffff88888888888888f	32 66 85 84 84 79 78 32 67 79 76 32 32 32 32 32 32 32 32 32 32 32 32 32 32 32 71 82 65 89 32 32 32 32 32 32
dddddddddddddddddddddddddddddddddddd	fffffffffffffffffffff88888888888888f	32 78 65 86 32 87 80 84 32 32 32 32 32 32 32 32 32 32 32 32 32 32 32 32 32 89 69 76 76 79 87 32 32 32 32 32
dddddddddddddddddddddddddddddddddddd	fffffffffffffffffffff88888888888888f	32 78 65 86 32 82 84 32 32 32 32 32 32 32 32 32 32 32 32 32 32 32 32 32 32 32 66 76 85 69 32 32 32 32 32 32
dddddddddddddddddddddddddddddddddddd	fffffffffffffffffffff88888888888888f	32 67 79 76 79 82 66 76 73 78 68 32 32 32 32 32 32 32 32 32 32 32 32 32 32 32 78 79 78 69 32 32 32 32 32 32
dddddddddddddddddddddddddddddddddddd	ffffffffffffffffffffffffffffffffffff	32 32 32 32 32 32 32 32 32 32 32 32 32 32 32 32 32 32 32 32 32 32 32 32 32 32 32 32 32 32 32 32 32 32 32 32
dddddddddddddddddddddddddddddddddddd	ffffffffffffffffffffffffffffffffffff	32 32 32 32 32 32 32 32 32 32 32 32 32 32 32 32 32 32 32 32 32 32 32 32 32 32 32 32 32 32 32 32 32 32 32 32
d0000000000000000000000000000000000d	feeeeeeeeeeeeeeeeeeeeeeeeeeeeeeeeeef	32 32 32 32 32 32 32 32 32 32 32 32 32 32 32 32 32 60 32 32 32 32 32 32 32 32 32 32 32 32 32 32 32 32 32 32
