36 10
PAL 1=ff6a6a
dddddddddddddddddddddddddddddddddddd	ffffffffffffffffffffffffffffffffffff	32 32 32 32 32 32 32 32 32 32 32 32 32 32 32 32 32 32 32 32 32 32 32 32 32 32 32 32 32 32 32 32 32 32 32 32
dddddddddddddddddddddddddddddddddddd	ffffffffffffffffffffffffffffffffffff	32 85 73 32 67 65 76 32 32 32 32 32 32 32 32 32 32 32 32 32 32 32 32 32 32 32 32 32 32 32 32 32 32 32 32 32
d0000000000000000000000000000000000d	feeeeeeeeeeeeeeeeeeeeeeeeeeeeeeeeeef	32 32 32 32 32 32 32 32 32 32 32 32 32 32 68 69 86 73 67 69 83 32 32 32 32 32 32 32 32 32 32 32 32 32 32 32
d0000000000000000000000000000000000d	feeeeeeeeeeeeeeeeeeeeeeeeeeeeeeeeeef	32 32 32 32 32 32 32 32 32 32 32 32 32 32 32 32 70 85 69 76 32 32 32 32 32 32 32 32 32 32 32 32 32 32 32 32
d0000000000000000000000000000000000d	feeeeeeeeeeeeeeeeeeeeeeeeeeeeeeeeeef	32 32 32 32 32 32 32 32 32 32 32 32 32 32 32 84 73 77 73 78 71 32 32 32 32 32 32 32 32 32 32 32 32 32 32 32
d0000000000000000000000000000000000d	feeeeeeeeeeeeeeeeeeeeeeeeeeeeeeeeeef	32 32 32 32 32 32 32 32 32 32 32 32 85 73 32 83 69 84 84 73 78 71 83 32 32 32 32 32 32 32 32 32 32 32 32 32
d0000000000000000000000000000000000d	feeeeeeeeeeeeeeeeeeeeeeeeeeeeeeeeeef	32 32 32 32 32 32 32 32 32 32 32 32 32 32 32 32 32 60 32 32 32 32 32 32 32 32 32 32 32 32 32 32 32 32 32 32
dddddddddddddddddddddddddddddddddddd	ffffffffffffffffffffffffffffffffffff	32 32 32 32 32 32 32 32 32 32 32 32 32 32 32 32 32 32 32 32 32 32 32 32 32 32 32 32 32 32 32 32 32 32 32 32
dddddddddddddddddddddddddddddddddddd	ffffffffffffffffffffffffffffffffffff	32 32 32 32 32 32 32 32 32 32 32 32 32 32 32 32 32 32 32 32 32 32 32 32 32 32 32 32 32 32 32 32 32 32 32 32
dddddddddddddddddddddddddddddddddddd	ffffffffffffffffffffffffffffffffffff	32 32 32 32 32 32 32 32 32 32 32 32 32 32 32 32 32 32 32 32 32 32 32 32 32 32 32 32 32 32 32 32 32 32 32 32
